epoch	train_loss	valid_loss	mse	mae	time
0	0.223424	0.165019	0.165019	0.250234	02:59
1	0.224307	0.154096	0.154096	0.243122	02:57
2	0.232714	0.166431	0.166431	0.252884	02:58
3	0.227101	0.154580	0.154580	0.240991	02:59
4	0.227559	0.162088	0.162088	0.247373	02:57
5	0.227827	0.151824	0.151824	0.237132	02:58
6	0.227759	0.163807	0.163807	0.244822	02:57
7	0.219293	0.151501	0.151501	0.234548	02:58
8	0.219797	0.147913	0.147913	0.233536	02:57
9	0.216441	0.148324	0.148324	0.230756	02:58
10	0.216128	0.149016	0.149016	0.231113	02:58
11	0.216330	0.149063	0.149063	0.238505	02:56
12	0.222034	0.154699	0.154699	0.244373	03:06
13	0.214857	0.156907	0.156907	0.239569	03:00
14	0.213441	0.148655	0.148655	0.236623	02:57
15	0.216652	0.157953	0.157953	0.245639	03:00
16	0.213918	0.152071	0.152071	0.240218	02:58
17	0.212671	0.149751	0.149751	0.235252	03:00
18	0.208782	0.152371	0.152371	0.239737	02:57
19	0.208379	0.149275	0.149275	0.233463	02:56
20	0.208400	0.152983	0.152983	0.240822	02:57
21	0.205337	0.149746	0.149746	0.233616	02:59
22	0.205050	0.145955	0.145955	0.232652	02:57
23	0.198925	0.148557	0.148557	0.230948	02:58
24	0.198570	0.138866	0.138866	0.227673	02:57
25	0.192179	0.133391	0.133391	0.225291	02:57
26	0.189350	0.135775	0.135775	0.225686	02:59
27	0.193248	0.131749	0.131749	0.226736	02:56
28	0.189572	0.134712	0.134712	0.222479	02:58
29	0.191730	0.143301	0.143301	0.228349	02:57
30	0.188788	0.138561	0.138561	0.229953	02:57
31	0.184275	0.133156	0.133156	0.221204	02:57
32	0.187167	0.135580	0.135580	0.224729	02:57
33	0.187061	0.158877	0.158877	0.247322	02:59
34	0.188038	0.141556	0.141556	0.223894	02:57
35	0.183083	0.132127	0.132127	0.226132	02:58
36	0.182269	0.128900	0.128900	0.216503	02:58
37	0.183824	0.125346	0.125346	0.216265	03:02
38	0.184725	0.148581	0.148581	0.234733	03:01
39	0.180485	0.129465	0.129465	0.226611	02:56
40	0.178679	0.120534	0.120534	0.218603	02:56
41	0.168039	0.123453	0.123453	0.212417	02:58
42	0.166074	0.133643	0.133643	0.229827	02:57
43	0.164227	0.123032	0.123032	0.209532	02:57
44	0.168956	0.124274	0.124274	0.214612	02:58
45	0.164597	0.127557	0.127557	0.212031	02:58
46	0.163165	0.112634	0.112634	0.196836	02:58
47	0.166386	0.134057	0.134057	0.221327	03:17
48	0.164477	0.126801	0.126801	0.210019	03:03
49	0.161876	0.127720	0.127720	0.213024	03:02
50	0.161182	0.123917	0.123917	0.209952	03:03
51	0.162071	0.118319	0.118319	0.207773	03:03
52	0.158321	0.122353	0.122353	0.208272	03:03
53	0.160197	0.131121	0.131121	0.219202	03:03
54	0.158798	0.116013	0.116013	0.204237	03:00
55	0.159149	0.117660	0.117660	0.207032	03:02
56	0.157409	0.112201	0.112201	0.205073	03:01
57	0.151577	0.133364	0.133364	0.222292	03:05
58	0.148898	0.107593	0.107593	0.197768	03:01
59	0.146341	0.119833	0.119833	0.207892	03:01
60	0.146326	0.113666	0.113666	0.205747	03:00
61	0.143582	0.125341	0.125341	0.209750	03:00
62	0.140810	0.118775	0.118775	0.201447	03:01
63	0.138452	0.109626	0.109626	0.198910	03:01
64	0.140449	0.107690	0.107690	0.203191	03:01
65	0.144658	0.109940	0.109940	0.194951	02:59
66	0.143602	0.106494	0.106494	0.202115	02:59
67	0.140584	0.120448	0.120448	0.213520	03:00
68	0.138794	0.111840	0.111840	0.199297	02:58
69	0.139699	0.119893	0.119893	0.202675	02:57
70	0.141517	0.113915	0.113915	0.203009	02:58
71	0.138503	0.115061	0.115061	0.200944	02:58
72	0.134041	0.111751	0.111751	0.194219	02:57
73	0.136528	0.130362	0.130362	0.211005	02:58
74	0.135551	0.125739	0.125739	0.206200	02:57
75	0.134864	0.110984	0.110984	0.197452	02:57
76	0.136283	0.107911	0.107911	0.195924	02:57
77	0.133742	0.099368	0.099368	0.182491	03:01
78	0.132920	0.100047	0.100047	0.189351	25:40
79	0.136854	0.113846	0.113846	0.201444	03:36
80	0.134368	0.138957	0.138957	0.221448	03:26
81	0.129799	0.117658	0.117658	0.203403	02:59
82	0.130748	0.108133	0.108133	0.198464	03:02
83	0.131045	0.113365	0.113365	0.202608	03:03
84	0.129278	0.098850	0.098850	0.179304	03:08
85	0.126979	0.100799	0.100799	0.179520	03:17
86	0.125517	0.100067	0.100067	0.185017	03:00
87	0.124665	0.097347	0.097347	0.180993	03:24
88	0.130139	0.110550	0.110550	0.198246	03:03
89	0.127369	0.107571	0.107571	0.193347	03:01
90	0.130282	0.101798	0.101798	0.194194	03:23
91	0.133463	0.116091	0.116091	0.196142	03:04
92	0.128504	0.092222	0.092222	0.171428	03:13
93	0.126631	0.119495	0.119495	0.207446	03:12
94	0.124021	0.102554	0.102554	0.188214	03:18
95	0.125353	0.112967	0.112967	0.200803	03:35
96	0.128394	0.110543	0.110543	0.190867	03:17
97	0.125490	0.101148	0.101148	0.186484	03:12
98	0.123801	0.114783	0.114783	0.194331	03:15
99	0.131520	0.100645	0.100645	0.190972	03:10
100	0.129591	0.102710	0.102710	0.186604	03:34
101	0.123984	0.113158	0.113158	0.186741	03:00
102	0.120109	0.111381	0.111381	0.193796	02:58
103	0.117131	0.097756	0.097756	0.179922	03:11
104	0.113629	0.110587	0.110587	0.190675	03:18
105	0.113179	0.107034	0.107034	0.194782	03:06
106	0.119156	0.103169	0.103169	0.181239	03:21
107	0.119773	0.112935	0.112935	0.196048	03:16
108	0.119196	0.108411	0.108411	0.181769	02:59
109	0.120473	0.125579	0.125579	0.208697	03:08
110	0.120870	0.093105	0.093105	0.180829	03:13
111	0.123609	0.094147	0.094147	0.173827	03:10
112	0.121713	0.108433	0.108433	0.186828	03:05
113	0.117898	0.115469	0.115469	0.199429	03:08
114	0.119694	0.094557	0.094557	0.174715	03:17
115	0.117816	0.102739	0.102739	0.184143	03:21
116	0.116871	0.099465	0.099465	0.188637	03:21
117	0.115683	0.101856	0.101856	0.189743	03:20
118	0.110867	0.094113	0.094113	0.178360	03:13
119	0.115020	0.100119	0.100119	0.178037	03:07
120	0.111507	0.091819	0.091819	0.171442	03:03
121	0.110464	0.096045	0.096045	0.182227	03:14
122	0.108728	0.088018	0.088018	0.167741	03:03
123	0.104880	0.094766	0.094766	0.178615	03:03
124	0.105614	0.104386	0.104386	0.187576	03:02
125	0.104453	0.104870	0.104870	0.189464	03:04
126	0.110509	0.102221	0.102221	0.179880	03:02
127	0.109691	0.090846	0.090846	0.167283	03:00
128	0.110072	0.102355	0.102355	0.181011	02:59
129	0.105449	0.101183	0.101183	0.184299	03:00
130	0.105931	0.115167	0.115167	0.187223	03:00
131	0.110475	0.104975	0.104975	0.179028	03:00
132	0.110239	0.108767	0.108767	0.188913	03:00
133	0.110003	0.098322	0.098322	0.164470	03:02
134	0.108484	0.093779	0.093779	0.171430	03:41
135	0.106515	0.098584	0.098584	0.176206	03:50
136	0.107038	0.091827	0.091827	0.171026	04:02
137	0.099611	0.096553	0.096553	0.175368	03:45
138	0.099830	0.107180	0.107180	0.181112	03:29
139	0.103521	0.116944	0.116944	0.188877	03:29
140	0.102212	0.091002	0.091002	0.164898	03:30
141	0.104066	0.101316	0.101316	0.178007	03:38
142	0.100552	0.087874	0.087874	0.168345	03:30
143	0.101639	0.087706	0.087706	0.167448	03:31
144	0.106470	0.092022	0.092022	0.171405	03:24
145	0.103334	0.092984	0.092984	0.168510	03:01
146	0.101499	0.096814	0.096814	0.171992	03:08
147	0.100598	0.090692	0.090692	0.167493	03:14
148	0.098107	0.093554	0.093554	0.181491	03:15
149	0.100508	0.098931	0.098931	0.172489	03:31
150	0.104177	0.097810	0.097810	0.177322	03:20
151	0.099713	0.090736	0.090736	0.165082	03:17
152	0.101598	0.102834	0.102834	0.173996	03:11
153	0.099285	0.096644	0.096644	0.168352	03:35
154	0.098680	0.094742	0.094742	0.177953	03:16
155	0.101147	0.094583	0.094583	0.170426	03:03
156	0.097047	0.083144	0.083144	0.167032	03:17
157	0.096651	0.086379	0.086379	0.154396	03:01
158	0.097378	0.085827	0.085827	0.165007	03:05
159	0.094691	0.089460	0.089460	0.162813	03:04
160	0.092848	0.083669	0.083669	0.162590	03:00
161	0.095114	0.092804	0.092804	0.170506	02:59
162	0.097003	0.093834	0.093834	0.172786	02:59
163	0.096892	0.087939	0.087939	0.167840	02:51
164	0.099335	0.092430	0.092430	0.161800	02:51
165	0.095568	0.090647	0.090647	0.168135	02:51
166	0.092614	0.090286	0.090286	0.169546	02:58
167	0.093318	0.089188	0.089188	0.176428	02:51
168	0.096252	0.081276	0.081276	0.165019	03:02
169	0.092263	0.085918	0.085918	0.164110	02:56
170	0.096649	0.092291	0.092291	0.169902	02:55
171	0.093197	0.084183	0.084183	0.157852	03:17
172	0.087825	0.079382	0.079382	0.163123	03:07
173	0.091304	0.086667	0.086667	0.163198	03:02
174	0.091385	0.081204	0.081204	0.155165	03:04
175	0.091856	0.083577	0.083577	0.162341	03:03
176	0.090043	0.089545	0.089545	0.165669	03:10
177	0.086957	0.088981	0.088981	0.169266	03:09
178	0.086026	0.088078	0.088078	0.160001	03:03
179	0.084274	0.101479	0.101479	0.170768	03:22
180	0.081395	0.087450	0.087450	0.163987	03:16
181	0.081570	0.100456	0.100456	0.173639	03:03
182	0.083771	0.078118	0.078118	0.157285	03:07
183	0.085210	0.085806	0.085806	0.167815	03:01
184	0.087418	0.100832	0.100832	0.169841	03:09
185	0.085698	0.089198	0.089198	0.163831	03:13
186	0.082698	0.078318	0.078318	0.159695	03:09
187	0.086284	0.081694	0.081694	0.164623	03:06
188	0.081033	0.080364	0.080364	0.156863	03:13
189	0.081108	0.083855	0.083855	0.155783	03:29
190	0.085236	0.079210	0.079210	0.154812	03:15
191	0.079418	0.077944	0.077944	0.151188	03:00
192	0.076627	0.084201	0.084201	0.160681	02:56
193	0.083228	0.080217	0.080217	0.164318	03:13
194	0.081429	0.103504	0.103504	0.176838	02:53
195	0.080298	0.080101	0.080101	0.160017	02:52
196	0.077962	0.087548	0.087548	0.164259	02:51
197	0.077570	0.083797	0.083797	0.160787	02:50
198	0.076290	0.084200	0.084200	0.171455	02:55
199	0.075539	0.083798	0.083798	0.165312	03:06
200	0.074749	0.079253	0.079253	0.153755	02:58
201	0.075035	0.087241	0.087241	0.159060	03:07
202	0.079952	0.091921	0.091921	0.162501	03:16
203	0.078466	0.082191	0.082191	0.154006	03:22
204	0.078236	0.084366	0.084366	0.155293	03:49
205	0.077521	0.076059	0.076059	0.152295	03:16
206	0.079401	0.088257	0.088257	0.166270	02:58
207	0.075136	0.082709	0.082709	0.161206	03:01
208	0.072603	0.075206	0.075206	0.153556	02:53
209	0.074536	0.071860	0.071860	0.155350	02:59
210	0.071379	0.081757	0.081757	0.156185	03:08
211	0.072200	0.086553	0.086553	0.161128	03:02
212	0.077510	0.076560	0.076560	0.149596	03:20
213	0.078633	0.081981	0.081981	0.156126	03:46
214	0.077360	0.073634	0.073634	0.157003	03:30
215	0.074439	0.081373	0.081373	0.152805	03:27
216	0.073545	0.070325	0.070325	0.149404	03:49
217	0.073144	0.077786	0.077786	0.147289	03:24
218	0.072983	0.082374	0.082374	0.155532	03:47
219	0.069732	0.070478	0.070478	0.152558	03:50
220	0.070979	0.092762	0.092762	0.164522	03:47
221	0.074659	0.078952	0.078952	0.160761	03:37
222	0.069550	0.083790	0.083790	0.159990	02:55
223	0.069401	0.077861	0.077861	0.148465	03:19
224	0.071116	0.078339	0.078339	0.149553	03:07
225	0.071169	0.071302	0.071302	0.143829	03:44
226	0.071900	0.070905	0.070905	0.150677	03:41
227	0.071417	0.083328	0.083328	0.163754	03:35
228	0.074675	0.076491	0.076491	0.144190	03:11
229	0.070536	0.085435	0.085435	0.157151	04:00
230	0.069189	0.072726	0.072726	0.146482	03:24
231	0.069065	0.072431	0.072431	0.148505	03:55
232	0.066544	0.073650	0.073650	0.154718	03:41
233	0.070192	0.068947	0.068947	0.149476	03:25
234	0.072277	0.079330	0.079330	0.155695	03:40
235	0.076031	0.078994	0.078994	0.158170	03:48
236	0.073452	0.077197	0.077197	0.152197	03:31
237	0.071722	0.078177	0.078177	0.156206	1:07:42
238	0.070920	0.077669	0.077669	0.154770	03:18
239	0.070632	0.066117	0.066117	0.145949	03:17
240	0.066830	0.074636	0.074636	0.148793	03:03
241	0.069126	0.081263	0.081263	0.154059	03:03
242	0.069722	0.073796	0.073796	0.150797	03:03
243	0.068176	0.079326	0.079326	0.152237	03:03
244	0.070558	0.068879	0.068879	0.146658	03:05
245	0.067945	0.071758	0.071758	0.146217	03:03
246	0.066252	0.082512	0.082512	0.155688	03:03
247	0.068116	0.073783	0.073783	0.150388	03:04
248	0.072426	0.083346	0.083346	0.164512	03:03
249	0.071087	0.068419	0.068419	0.144761	03:04
250	0.074987	0.080497	0.080497	0.168604	03:04
251	0.068598	0.079929	0.079929	0.158258	03:03
252	0.065666	0.080180	0.080180	0.154824	03:04
253	0.067379	0.071082	0.071082	0.152708	03:07
254	0.065721	0.070630	0.070630	0.147274	03:19
255	0.069938	0.077490	0.077490	0.152234	03:35
256	0.069253	0.069460	0.069460	0.141794	03:24
257	0.068050	0.071134	0.071134	0.146031	03:15
258	0.062608	0.074580	0.074580	0.147417	03:21
259	0.065055	0.078720	0.078720	0.151022	03:14
260	0.065109	0.066475	0.066475	0.140142	03:12
261	0.062695	0.070818	0.070818	0.141324	03:40
262	0.062057	0.080552	0.080552	0.152420	03:41
263	0.066409	0.069823	0.069823	0.155473	03:39
264	0.063247	0.072473	0.072473	0.148402	03:39
265	0.063188	0.066563	0.066563	0.144160	03:39
266	0.065243	0.074523	0.074523	0.147988	03:39
267	0.068010	0.069681	0.069681	0.144649	03:37
268	0.066317	0.082699	0.082699	0.152524	03:30
269	0.064624	0.084459	0.084459	0.158394	03:37
270	0.061235	0.066006	0.066006	0.146804	03:35
271	0.060442	0.071396	0.071396	0.145335	03:34
272	0.059432	0.077474	0.077474	0.150321	03:42
273	0.061198	0.066338	0.066338	0.140392	03:42
274	0.066608	0.068866	0.068866	0.141965	03:39
275	0.067558	0.069594	0.069594	0.139951	03:40
276	0.063669	0.067830	0.067830	0.138667	03:41
277	0.062756	0.076649	0.076649	0.146826	03:41
278	0.060604	0.070972	0.070972	0.139786	03:40
279	0.062879	0.074720	0.074720	0.147059	03:39
280	0.065198	0.072359	0.072359	0.148769	04:10
281	0.064775	0.074396	0.074396	0.144816	03:18
282	0.060392	0.071760	0.071760	0.142003	03:41
283	0.060277	0.067479	0.067479	0.141433	03:33
284	0.061252	0.071291	0.071291	0.141344	03:54
285	0.060844	0.073320	0.073320	0.147782	03:48
286	0.063739	0.084115	0.084115	0.152492	03:48
287	0.065043	0.069835	0.069835	0.146948	03:38
288	0.060060	0.073565	0.073565	0.148470	03:36
289	0.060854	0.063853	0.063853	0.140141	03:37
290	0.060995	0.065986	0.065986	0.144156	03:47
291	0.062807	0.064154	0.064154	0.138891	03:40
292	0.062773	0.065556	0.065556	0.144377	03:49
293	0.059753	0.068146	0.068146	0.145655	03:40
294	0.060242	0.077423	0.077423	0.147435	03:43
295	0.064107	0.073258	0.073258	0.145951	03:39
296	0.059644	0.065430	0.065430	0.141749	03:52
297	0.052859	0.069483	0.069483	0.143298	03:45
298	0.051338	0.070438	0.070438	0.139738	03:55
299	0.051696	0.066807	0.066807	0.142131	03:33
300	0.051091	0.071598	0.071598	0.141470	03:23
301	0.056410	0.068024	0.068024	0.141555	03:29
302	0.056223	0.068276	0.068276	0.139508	03:31
303	0.057577	0.067791	0.067791	0.144809	03:38
304	0.056005	0.069635	0.069635	0.147897	04:02
305	0.055915	0.066044	0.066044	0.145851	03:35
306	0.060085	0.063628	0.063628	0.138494	03:08
307	0.060331	0.073391	0.073391	0.150731	02:57
308	0.058863	0.075552	0.075552	0.150510	02:55
309	0.059559	0.073768	0.073768	0.143141	02:55
310	0.060454	0.062763	0.062763	0.139199	02:55
311	0.060395	0.065937	0.065937	0.137108	02:56
312	0.061691	0.060388	0.060388	0.137061	02:55
313	0.061415	0.060744	0.060744	0.139472	02:54
314	0.058023	0.067111	0.067111	0.144027	02:54
315	0.058007	0.062805	0.062805	0.139393	02:54
316	0.057564	0.067784	0.067784	0.136250	02:54
317	0.057045	0.067952	0.067952	0.139280	02:56
318	0.056709	0.070515	0.070515	0.150843	02:55
319	0.055213	0.064985	0.064985	0.142533	02:54
320	0.053826	0.059907	0.059907	0.134132	02:54
321	0.054017	0.076821	0.076821	0.147590	02:54
322	0.057143	0.072567	0.072567	0.147835	02:57
323	0.056913	0.070215	0.070215	0.143532	02:55
324	0.058194	0.066898	0.066898	0.141268	02:53
325	0.058408	0.069894	0.069894	0.139738	02:55
326	0.062894	0.075596	0.075596	0.143215	02:57
327	0.061322	0.068332	0.068332	0.141360	02:54
328	0.057085	0.065719	0.065719	0.135559	02:54
329	0.059235	0.066293	0.066293	0.137439	02:54
330	0.055268	0.065256	0.065256	0.134377	02:55
331	0.055150	0.063489	0.063489	0.139976	02:56
332	0.055684	0.071504	0.071504	0.145008	02:55
333	0.058586	0.067320	0.067320	0.145660	02:56
334	0.056872	0.066125	0.066125	0.136772	02:55
335	0.055723	0.065482	0.065482	0.137746	02:56
336	0.050798	0.063241	0.063241	0.140155	02:55
337	0.050668	0.064394	0.064394	0.134991	02:55
338	0.054115	0.065766	0.065766	0.136773	02:55
339	0.053870	0.063183	0.063183	0.144375	02:55
340	0.055699	0.068387	0.068387	0.142352	02:56
341	0.055327	0.067940	0.067940	0.137668	02:55
342	0.053158	0.064962	0.064962	0.136533	02:56
343	0.055631	0.067727	0.067727	0.140412	02:58
344	0.055986	0.069879	0.069879	0.140872	02:54
345	0.056678	0.072748	0.072748	0.145200	02:55
346	0.056565	0.062492	0.062492	0.137109	02:57
347	0.056978	0.073134	0.073134	0.143184	03:01
348	0.057684	0.066503	0.066503	0.136869	02:54
349	0.057414	0.071172	0.071172	0.145648	03:02
350	0.056396	0.062530	0.062530	0.133785	03:10
351	0.054932	0.063074	0.063074	0.139575	02:54
352	0.055131	0.071840	0.071840	0.140662	02:54
353	0.052926	0.067279	0.067279	0.142737	02:55
354	0.055313	0.059855	0.059855	0.139019	02:56
355	0.054605	0.064172	0.064172	0.139526	02:55
356	0.053189	0.066069	0.066069	0.141146	02:55
357	0.053632	0.066602	0.066602	0.135865	02:55
358	0.056702	0.064504	0.064504	0.135052	02:55
359	0.057535	0.061355	0.061355	0.138617	02:54
360	0.055895	0.059389	0.059389	0.137939	02:54
361	0.054304	0.063629	0.063629	0.142138	02:55
362	0.052556	0.059609	0.059609	0.133071	02:54
363	0.051610	0.065929	0.065929	0.138556	02:57
364	0.049974	0.065434	0.065434	0.138557	02:54
365	0.051174	0.063504	0.063504	0.138344	02:54
366	0.052320	0.061310	0.061310	0.138443	02:55
367	0.054754	0.061333	0.061333	0.134921	02:59
368	0.051483	0.063475	0.063475	0.136555	02:55
369	0.049627	0.067728	0.067728	0.143448	02:55
370	0.048462	0.068047	0.068047	0.138625	02:56
371	0.054573	0.068923	0.068923	0.141214	02:55
372	0.055155	0.070752	0.070752	0.143596	02:55
373	0.054075	0.066946	0.066946	0.137728	02:54
374	0.054146	0.063869	0.063869	0.137414	02:55
375	0.053694	0.064394	0.064394	0.135747	02:54
376	0.052732	0.068326	0.068326	0.133579	02:55
377	0.051078	0.061577	0.061577	0.130369	02:55
378	0.050727	0.067600	0.067600	0.140358	02:54
379	0.051765	0.063162	0.063162	0.128260	02:56
380	0.054467	0.070450	0.070450	0.144833	02:54
381	0.053723	0.060455	0.060455	0.132370	02:55
382	0.050916	0.062256	0.062256	0.145958	02:55
383	0.048491	0.061976	0.061976	0.133080	02:55
384	0.049601	0.061047	0.061047	0.128469	02:57
385	0.051243	0.066507	0.066507	0.141849	02:55
386	0.049131	0.061390	0.061390	0.132320	02:54
387	0.050365	0.064591	0.064591	0.135670	02:57
388	0.053739	0.066986	0.066986	0.141510	02:56
389	0.053344	0.063590	0.063590	0.136706	02:54
390	0.049815	0.061448	0.061448	0.132626	02:55
391	0.050871	0.059037	0.059037	0.131908	02:55
392	0.050292	0.063334	0.063334	0.134289	02:55
393	0.051498	0.062435	0.062435	0.133295	02:55
394	0.052253	0.066610	0.066610	0.141208	02:55
395	0.050526	0.066807	0.066807	0.138658	02:56
396	0.050156	0.065423	0.065423	0.134775	02:54
397	0.052670	0.064789	0.064789	0.139356	02:55
398	0.052082	0.066910	0.066910	0.144309	02:55
399	0.054185	0.063543	0.063543	0.142485	02:55
400	0.053236	0.064375	0.064375	0.139615	02:55
401	0.051424	0.064136	0.064136	0.131770	02:54
402	0.050517	0.067626	0.067626	0.141705	02:54
403	0.049824	0.061619	0.061619	0.132741	02:54
404	0.050942	0.068996	0.068996	0.137209	02:58
405	0.049445	0.066832	0.066832	0.140586	02:54
406	0.049252	0.059791	0.059791	0.130950	02:54
407	0.050875	0.060254	0.060254	0.134930	02:54
408	0.053355	0.063152	0.063152	0.137799	02:57
409	0.052873	0.067571	0.067571	0.138965	02:55
410	0.050950	0.061657	0.061657	0.131776	02:57
411	0.051841	0.066655	0.066655	0.141115	02:54
412	0.052746	0.062326	0.062326	0.128413	02:55
413	0.058192	0.062606	0.062606	0.139501	02:55
414	0.054913	0.063957	0.063957	0.134902	02:55
415	0.051656	0.063599	0.063599	0.132350	02:56
416	0.050906	0.066780	0.066780	0.139641	02:55
417	0.051601	0.065190	0.065190	0.138465	02:55
418	0.049256	0.065469	0.065469	0.136763	02:56
419	0.047929	0.058249	0.058249	0.131073	02:56
420	0.048082	0.061685	0.061685	0.130305	02:56
421	0.051477	0.062153	0.062153	0.141729	02:55
422	0.052786	0.058458	0.058458	0.130497	02:55
423	0.050817	0.065975	0.065975	0.144430	02:55
424	0.049953	0.065424	0.065424	0.134323	02:55
425	0.050022	0.065099	0.065099	0.142438	03:02
426	0.049726	0.061458	0.061458	0.134510	02:55
427	0.049415	0.056835	0.056835	0.129116	02:55
428	0.049979	0.060650	0.060650	0.133390	02:57
429	0.049998	0.063744	0.063744	0.138612	02:55
430	0.050478	0.059374	0.059374	0.131490	02:55
431	0.048800	0.060963	0.060963	0.132439	02:55
432	0.048211	0.064800	0.064800	0.132608	02:55
433	0.050142	0.067701	0.067701	0.138157	02:55
434	0.049681	0.063776	0.063776	0.138883	02:55
435	0.051133	0.064347	0.064347	0.134787	02:56
436	0.051378	0.064245	0.064245	0.132705	02:55
437	0.050426	0.063996	0.063996	0.143864	02:55
438	0.051290	0.059997	0.059997	0.129707	02:56
439	0.052057	0.062297	0.062297	0.137588	02:55
440	0.049803	0.061872	0.061872	0.129118	02:55
441	0.051780	0.061081	0.061081	0.128924	03:05
442	0.050990	0.062385	0.062385	0.131013	02:55
443	0.049844	0.066040	0.066040	0.139330	02:57
444	0.048618	0.061222	0.061222	0.134343	02:56
445	0.046807	0.063652	0.063652	0.140159	02:57
446	0.048887	0.061136	0.061136	0.137843	02:55
447	0.051256	0.066063	0.066063	0.132899	02:55
448	0.050225	0.065314	0.065314	0.138473	03:16
449	0.050907	0.060619	0.060619	0.135026	03:08
450	0.050998	0.062735	0.062735	0.134301	03:26
451	0.056866	0.059693	0.059693	0.134471	02:59
452	0.058935	0.067822	0.067822	0.143858	02:53
453	0.059350	0.068718	0.068718	0.144379	02:54
454	0.054913	0.060763	0.060763	0.130785	02:53
455	0.050587	0.062515	0.062515	0.131247	02:53
456	0.049822	0.064945	0.064945	0.139147	02:53
457	0.051630	0.059801	0.059801	0.129406	02:54
458	0.052739	0.067386	0.067386	0.133579	02:54
459	0.056153	0.062253	0.062253	0.131513	02:53
460	0.058680	0.059194	0.059194	0.131810	02:54
461	0.056530	0.064327	0.064327	0.132840	02:53
462	0.055722	0.062783	0.062783	0.135174	02:54
463	0.055306	0.065676	0.065676	0.142646	02:53
464	0.052344	0.064989	0.064989	0.141077	02:55
465	0.056586	0.062332	0.062332	0.133541	02:56
466	0.050955	0.062449	0.062449	0.132316	02:53
467	0.051626	0.060679	0.060679	0.129155	02:53
468	0.049908	0.066346	0.066346	0.136621	02:53
469	0.052471	0.066085	0.066085	0.138745	02:57
470	0.051567	0.060746	0.060746	0.125872	02:53
471	0.055005	0.063015	0.063015	0.131908	02:59
472	0.056108	0.066012	0.066012	0.133843	02:53
473	0.052141	0.058532	0.058532	0.129669	02:53
474	0.051456	0.064100	0.064100	0.129582	02:53
475	0.052915	0.064121	0.064121	0.139153	02:53
476	0.054518	0.056593	0.056593	0.123891	02:54
477	0.049185	0.063188	0.063188	0.128179	02:54
478	0.047654	0.069105	0.069105	0.133797	02:54
479	0.048734	0.061494	0.061494	0.131752	02:53
480	0.049567	0.066475	0.066475	0.142618	02:54
481	0.049531	0.059178	0.059178	0.126348	02:54
482	0.049982	0.063979	0.063979	0.132928	02:54
483	0.050669	0.059178	0.059178	0.127459	02:53
484	0.048528	0.064687	0.064687	0.133895	02:57
485	0.051012	0.064377	0.064377	0.142830	02:59
486	0.048622	0.059582	0.059582	0.129120	03:01
487	0.048144	0.059493	0.059493	0.132577	02:58
488	0.047712	0.060096	0.060096	0.131566	02:58
489	0.050277	0.067178	0.067178	0.135210	03:00
490	0.051103	0.062110	0.062110	0.130235	02:58
491	0.053036	0.060840	0.060840	0.129604	02:58
492	0.052120	0.065328	0.065328	0.138201	02:58
493	0.049877	0.060223	0.060223	0.129819	02:57
494	0.050295	0.061176	0.061176	0.131980	02:58
495	0.057161	0.063280	0.063280	0.137152	02:58
496	0.051923	0.065068	0.065068	0.137891	02:58
497	0.056416	0.061499	0.061499	0.135215	02:58
498	0.053248	0.061725	0.061725	0.133668	02:57
499	0.054016	0.065184	0.065184	0.134133	02:58